bidirectional=false
source;destination;cost
0;8;12
0;3;48
0;0;43
0;7;30
0;10;39
0;5;44
0;6;44
0;9;42
0;4;44
0;1;1
1;7;47
1;2;31
1;4;39
1;10;12
1;9;24
1;0;3
1;5;49
1;3;34
1;8;34
1;1;4
2;8;12
2;10;6
2;6;32
2;1;39
2;4;15
2;7;31
2;2;4
2;9;50
2;5;18
2;3;33
3;10;22
3;4;29
3;6;36
3;0;48
3;5;34
3;2;15
3;9;6
3;1;49
3;8;22
3;7;10
4;0;25
4;10;17
4;1;25
4;3;42
4;5;28
4;4;38
4;8;16
4;6;44
4;9;1
4;7;22
5;1;48
5;8;37
5;5;30
5;7;34
5;2;36
5;6;15
5;10;37
5;0;19
5;3;12
5;4;40
6;0;36
6;5;37
6;6;16
6;3;10
6;10;47
6;1;16
6;4;48
6;9;44
6;2;7
6;8;43
7;4;5
7;2;23
7;0;15
7;3;12
7;8;14
7;6;36
7;1;26
7;7;15
7;10;3
7;5;17
8;8;20
8;2;45
8;7;13
8;1;33
8;6;40
8;4;50
8;10;30
8;5;6
8;9;30
8;0;22
9;8;49
9;2;15
9;5;49
9;10;17
9;1;26
9;4;50
9;0;3
9;7;31
9;6;14
9;9;33
10;6;40
10;7;21
10;4;12
10;8;32
10;3;21
10;5;23
10;0;47
10;2;44
10;1;20
10;9;45
