bidirectional=false
source;destination;cost
0;6;40
0;4;47
0;0;33
0;3;10
0;2;37
0;1;5
0;7;31
0;8;17
0;9;40
1;4;42
1;6;36
1;9;48
1;8;30
1;5;26
1;0;18
1;2;17
1;1;49
1;3;15
2;7;50
2;9;15
2;3;3
2;8;32
2;5;10
2;6;16
2;2;6
2;4;27
2;1;9
3;7;24
3;1;45
3;0;24
3;9;32
3;6;17
3;3;21
3;4;36
3;2;32
3;8;40
4;1;17
4;8;12
4;4;26
4;7;20
4;5;1
4;6;44
4;2;39
4;3;4
4;0;40
5;6;38
5;9;27
5;5;13
5;2;38
5;7;36
5;8;42
5;3;38
5;0;28
5;4;20
6;4;17
6;6;44
6;5;12
6;9;1
6;7;38
6;8;19
6;3;33
6;2;21
6;1;26
7;3;42
7;9;43
7;6;26
7;2;32
7;5;8
7;8;31
7;7;3
7;1;13
7;0;37
8;1;49
8;4;35
8;3;19
8;5;8
8;8;41
8;7;37
8;2;13
8;0;33
8;9;44
9;5;29
9;6;20
9;4;19
9;8;37
9;3;24
9;7;48
9;1;32
9;9;13
9;2;29
