bidirectional=false
source;destination;cost
0;1;28
0;7;15
0;0;47
0;6;5
0;5;50
0;10;27
0;2;37
0;11;24
0;3;50
0;9;1
0;8;24
1;3;45
1;2;43
1;9;25
1;10;44
1;8;11
1;0;11
1;1;17
1;11;22
1;4;15
1;5;47
1;6;31
2;2;45
2;8;1
2;5;19
2;10;28
2;3;36
2;9;24
2;1;21
2;4;11
2;11;48
2;7;30
2;0;34
3;2;12
3;9;24
3;3;3
3;11;18
3;7;13
3;8;47
3;5;39
3;4;4
3;6;44
3;1;42
3;10;7
4;7;29
4;8;26
4;4;28
4;3;45
4;10;5
4;1;32
4;11;32
4;5;22
4;0;5
4;6;17
4;9;27
5;4;11
5;5;1
5;1;37
5;9;13
5;7;19
5;6;27
5;0;11
5;11;18
5;8;11
5;2;28
5;3;21
6;8;50
6;5;5
6;10;17
6;7;3
6;0;46
6;2;1
6;3;13
6;9;1
6;1;43
6;4;34
6;11;18
7;0;14
7;2;2
7;6;47
7;8;11
7;11;33
7;4;14
7;3;43
7;10;19
7;9;12
7;5;28
7;1;40
8;10;8
8;11;42
8;1;8
8;5;28
8;2;33
8;6;4
8;4;31
8;0;18
8;9;37
8;8;16
8;3;46
9;7;13
9;11;24
9;4;9
9;6;6
9;3;18
9;9;18
9;1;25
9;5;41
9;0;1
9;10;46
9;8;10
10;2;35
10;10;30
10;3;3
10;7;31
10;0;25
10;9;17
10;1;48
10;8;14
10;11;40
10;5;49
10;6;18
11;10;3
11;6;23
11;8;10
11;7;30
11;9;47
11;5;16
11;4;46
11;1;39
11;2;10
11;11;21
11;0;2
