bidirectional=false
source;destination;cost
0;8;22
0;7;2
0;12;5
0;4;5
0;6;5
0;1;20
0;11;25
0;10;13
0;2;24
0;9;7
0;3;6
0;0;46
1;12;17
1;4;42
1;8;11
1;11;25
1;10;30
1;3;4
1;5;44
1;1;47
1;2;44
1;9;34
1;6;9
1;0;6
2;8;30
2;12;4
2;10;19
2;3;24
2;6;1
2;2;21
2;1;44
2;9;43
2;0;14
2;5;5
2;7;48
2;11;14
3;0;8
3;5;6
3;7;39
3;4;9
3;9;26
3;3;34
3;10;36
3;12;40
3;11;29
3;2;11
3;6;44
3;8;28
4;11;38
4;6;5
4;8;26
4;1;12
4;5;31
4;4;44
4;0;4
4;7;42
4;3;30
4;10;26
4;12;39
4;9;4
5;1;48
5;7;49
5;6;18
5;9;31
5;5;41
5;2;7
5;4;33
5;11;11
5;8;12
5;3;16
5;12;32
5;10;20
6;12;49
6;2;43
6;3;43
6;4;35
6;11;27
6;10;11
6;6;40
6;7;20
6;0;14
6;5;30
6;9;15
6;8;26
7;6;19
7;1;23
7;7;13
7;11;38
7;8;37
7;2;27
7;3;25
7;9;25
7;4;7
7;5;32
7;12;38
7;10;33
8;9;6
8;2;43
8;8;29
8;0;36
8;12;12
8;6;26
8;10;6
8;5;32
8;4;39
8;1;13
8;11;17
8;3;47
9;6;32
9;10;28
9;0;47
9;4;27
9;3;44
9;5;9
9;8;32
9;1;8
9;9;49
9;2;42
9;12;31
9;7;44
10;3;32
10;0;3
10;6;27
10;8;21
10;2;42
10;7;17
10;1;35
10;9;37
10;10;2
10;5;18
10;4;15
10;11;10
11;10;2
11;12;2
11;9;24
11;4;37
11;1;43
11;2;13
11;0;37
11;3;20
11;6;34
11;7;19
11;11;7
11;8;40
12;1;42
12;9;25
12;10;31
12;2;9
12;4;46
12;0;45
12;5;18
12;12;26
12;8;8
12;7;16
12;11;6
12;3;16
